[gd_scene load_steps=8 format=3 uid="uid://d5uy5c52h1bq"]

[ext_resource type="PackedScene" uid="uid://f0km6eda76dk" path="res://Assets/Billiard Table.blend" id="1_4xuf2"]
[ext_resource type="Script" uid="uid://cf2q384yfaxy0" path="res://Scripts/billiard_table.gd" id="2_f1eli"]

[sub_resource type="BoxShape3D" id="BoxShape3D_4xuf2"]
size = Vector3(2.128, 0.01, 1.044)

[sub_resource type="PhysicsMaterial" id="PhysicsMaterial_4xuf2"]
bounce = 0.3
absorbent = true

[sub_resource type="BoxShape3D" id="BoxShape3D_f1eli"]
size = Vector3(0.955933, 0.588867, 0.0581055)

[sub_resource type="BoxShape3D" id="BoxShape3D_0m84d"]
size = Vector3(0.102539, 0.636719, 0.97644)

[sub_resource type="BoxShape3D" id="BoxShape3D_d3m3c"]
size = Vector3(0.0423584, 1, 0.128601)

[node name="Billiard Table" instance=ExtResource("1_4xuf2")]
script = ExtResource("2_f1eli")

[node name="Billiard Table_Fabric" parent="." index="0"]
transform = Transform3D(1.34099, 0, 0, 0, 1.34099, 0, 0, 0, 1.34099, 0, 0, 0)

[node name="Billiard Table_Walls" parent="." index="1"]
transform = Transform3D(1.34099, 0, 0, 0, 1.34099, 0, 0, 0, 1.34099, 0, 0, 0)

[node name="Billiard Table_Pocket Gold" parent="." index="2"]
transform = Transform3D(1.34099, 0, 0, 0, 1.34099, 0, 0, 0, 1.34099, 0, 0, 0)

[node name="Billiard Table_Wood" parent="." index="3"]
transform = Transform3D(1.34099, 0, 0, 0, 1.34099, 0, 0, 0, 1.34099, 0, 0, 0)

[node name="Billiard Table_Golds" parent="." index="4"]
transform = Transform3D(1.34099, 0, 0, 0, 1.34099, 0, 0, 0, 1.34099, 0, 0, 0)

[node name="Billiard Table_Legs" parent="." index="5"]
transform = Transform3D(1.34099, 0, 0, 0, 1.34099, 0, 0, 0, 1.34099, 0, 0, 0)

[node name="Billiard Table_Plastic Grids" parent="." index="6"]
transform = Transform3D(1, 0, 0, 0, 1, 0, 0, 0, 1, 0, 0, 0)

[node name="9 Ball" parent="." index="7"]
transform = Transform3D(0.560701, -0.82286, 0.0859997, -0.0707422, 0.0558251, 0.995369, -0.824312, -0.564504, -0.0269248, 0, 0, 0)
visible = false

[node name="8 Ball" parent="." index="8"]
transform = Transform3D(0.0246714, -0.855237, -0.516567, -0.998775, -0.00724113, -0.0357133, 0.0268179, 0.517106, -0.854847, 0, 0, 0)
visible = false

[node name="14 Ball" parent="." index="9"]
transform = Transform3D(0.736054, 0.330915, 0.589577, -0.593343, -0.101643, 0.797805, 0.324114, -0.937574, 0.121599, 0, 0, 0)
visible = false

[node name="15 Ball" parent="." index="10"]
transform = Transform3D(-0.660961, 0.729522, 0.172654, -0.748403, -0.655501, -0.0953524, 0.0436374, -0.192346, 0.979785, 0, 0, 0)
visible = false

[node name="3 Ball" parent="." index="11"]
transform = Transform3D(-0.0403169, 0.869319, 0.491466, 0.00717694, -0.491602, 0.870147, 0.998601, 0.0386305, 0.0135884, 0, 0, 0)
visible = false

[node name="10 Ball" parent="." index="12"]
transform = Transform3D(0.924596, 0.340598, -0.167318, -0.202427, 0.0699464, -0.976223, -0.320976, 0.937006, 0.133693, 0, 0, 0)
visible = false

[node name="11 Ball" parent="." index="13"]
transform = Transform3D(-0.0791205, 0.0343322, 0.995712, -0.962445, 0.255549, -0.0852885, -0.257526, -0.965607, 0.0128309, 0, 0, 0)
visible = false

[node name="5 Ball" parent="." index="14"]
transform = Transform3D(-0.342894, 0.754376, 0.558768, 0.661407, 0.61629, -0.426155, -0.666217, 0.223572, -0.710669, 0, 0, 0)
visible = false

[node name="4 Ball" parent="." index="15"]
transform = Transform3D(0.0333738, 0.971958, 0.230356, -0.9983, 0.0403293, -0.0255314, -0.0341246, -0.229241, 0.972196, 0, 0, 0)
visible = false

[node name="12 Ball" parent="." index="16"]
transform = Transform3D(-0.148412, -0.109323, -0.982294, 0.986504, 0.0444423, -0.153994, 0.0605245, -0.992448, 0.101309, 0, 0, 0)
visible = false

[node name="7 Ball" parent="." index="17"]
transform = Transform3D(0.498089, -0.738503, -0.453213, -0.0234979, -0.534078, 0.844446, -0.866161, -0.410189, -0.28353, 0, 0, 0)
visible = false

[node name="13 Ball" parent="." index="18"]
transform = Transform3D(0.0778587, 0.7109, 0.698168, -0.992688, -0.00507335, 0.115869, 0.0859614, -0.702478, 0.705702, 0, 0, 0)
visible = false

[node name="2 Ball" parent="." index="19"]
transform = Transform3D(0.429432, 0.88635, 0.169857, 0.280247, -0.309775, 0.907955, 0.857864, -0.342494, -0.381638, 0, 0, 0)
visible = false

[node name="6 Ball" parent="." index="20"]
transform = Transform3D(0.564412, -0.0938346, 0.81946, 0.631197, 0.688323, -0.355925, -0.530952, 0.718531, 0.447976, 0, 0, 0)
visible = false

[node name="White" parent="." index="21"]
transform = Transform3D(0.99944, 0, 0, 0, 0.99944, 0, 0, 0, 0.99944, 0, 0, 0)
visible = false

[node name="1 Ball" parent="." index="22"]
transform = Transform3D(0.120859, 0.983701, -0.128864, -0.949065, 0.0768145, -0.303736, -0.289049, 0.159099, 0.943408, 0, 0, 0)
visible = false

[node name="Cue 1" parent="." index="23"]
transform = Transform3D(-0.0207357, -0.855799, -0.516892, 0.999707, -0.0242225, -1.49012e-07, -0.0125203, -0.51674, 0.856051, 0, 0, 0)
visible = false

[node name="Surface" type="StaticBody3D" parent="." index="24"]

[node name="CollisionShape3D" type="CollisionShape3D" parent="Surface" index="0"]
transform = Transform3D(1, 0, 0, 0, 1, 0, 0, 0, 1, 0.00750732, 0, 0.00308228)
shape = SubResource("BoxShape3D_4xuf2")

[node name="Walls" type="StaticBody3D" parent="." index="25"]
physics_material_override = SubResource("PhysicsMaterial_4xuf2")

[node name="CollisionShape3D" type="CollisionShape3D" parent="Walls" index="0"]
transform = Transform3D(1, 0, 0, 0, 1, 0, 0, 0, 1, -0.544742, 0.205566, 0.56955)
shape = SubResource("BoxShape3D_f1eli")

[node name="CollisionShape3D2" type="CollisionShape3D" parent="Walls" index="1"]
transform = Transform3D(1, 0, 0, 0, 1, 0, 0, 0, 1, 0.5488, 0.205566, 0.56955)
shape = SubResource("BoxShape3D_f1eli")

[node name="CollisionShape3D3" type="CollisionShape3D" parent="Walls" index="2"]
transform = Transform3D(1, 0, 0, 0, 1, 0, 0, 0, 1, -0.544742, 0.205566, -0.570075)
shape = SubResource("BoxShape3D_f1eli")

[node name="CollisionShape3D4" type="CollisionShape3D" parent="Walls" index="3"]
transform = Transform3D(1, 0, 0, 0, 1, 0, 0, 0, 1, 0.5488, 0.205566, -0.570075)
shape = SubResource("BoxShape3D_f1eli")

[node name="CollisionShape3D5" type="CollisionShape3D" parent="Walls" index="4"]
transform = Transform3D(1, 0, 0, 0, 1, 0, 0, 0, 1, -1.13344, 0.181641, -0.00708008)
shape = SubResource("BoxShape3D_0m84d")

[node name="CollisionShape3D6" type="CollisionShape3D" parent="Walls" index="5"]
transform = Transform3D(1, 0, 0, 0, 1, 0, 0, 0, 1, 1.13102, 0.181641, -0.00469971)
shape = SubResource("BoxShape3D_0m84d")

[node name="Basket" type="CollisionShape3D" parent="Walls" index="6"]
transform = Transform3D(0.944818, 0, 0.327597, 0, 1, 0, -0.327597, 0, 0.944818, -0.0645619, 0, 0.609687)
shape = SubResource("BoxShape3D_d3m3c")

[node name="Basket2" type="CollisionShape3D" parent="Walls" index="7"]
transform = Transform3D(0.960343, 0, -0.278823, 0, 1, 0, 0.278823, 0, 0.960343, 0.0673335, 0, 0.614572)
shape = SubResource("BoxShape3D_d3m3c")

[node name="Basket3" type="CollisionShape3D" parent="Walls" index="8"]
transform = Transform3D(-0.925077, 0, -0.379779, 0, 1, 0, 0.379779, 0, -0.925077, 0.0673671, 0, -0.612496)
shape = SubResource("BoxShape3D_d3m3c")

[node name="Basket4" type="CollisionShape3D" parent="Walls" index="9"]
transform = Transform3D(-0.974398, 0, 0.224832, 0, 1, 0, -0.224832, 0, -0.974398, -0.0645954, 0, -0.610018)
shape = SubResource("BoxShape3D_d3m3c")

[node name="Basket5" type="CollisionShape3D" parent="Walls" index="10"]
transform = Transform3D(-0.744137, 0, -0.668027, 0, 1, 0, 0.668027, 0, -0.744137, -1.04677, 0, -0.612426)
shape = SubResource("BoxShape3D_d3m3c")

[node name="Basket6" type="CollisionShape3D" parent="Walls" index="11"]
transform = Transform3D(-0.69689, 0, -0.717178, 0, 1, 0, 0.717178, 0, -0.69689, -1.16003, 0, -0.523287)
shape = SubResource("BoxShape3D_d3m3c")

[node name="Basket7" type="CollisionShape3D" parent="Walls" index="12"]
transform = Transform3D(0.66177, 0, -0.749707, 0, 1, 0, 0.749707, 0, 0.66177, -1.14409, 0, 0.501238)
shape = SubResource("BoxShape3D_d3m3c")

[node name="Basket8" type="CollisionShape3D" parent="Walls" index="13"]
transform = Transform3D(0.711315, 0, -0.702873, 0, 1, 0, 0.702873, 0, 0.711315, -1.0559, 0, 0.615245)
shape = SubResource("BoxShape3D_d3m3c")

[node name="Basket9" type="CollisionShape3D" parent="Walls" index="14"]
transform = Transform3D(0.676272, 0, 0.736652, 0, 1, 0, -0.736652, 0, 0.676272, 1.0465, 0, 0.606652)
shape = SubResource("BoxShape3D_d3m3c")

[node name="Basket10" type="CollisionShape3D" parent="Walls" index="15"]
transform = Transform3D(0.624507, 0, 0.781019, 0, 1, 0, -0.781019, 0, 0.624507, 1.15064, 0, 0.50701)
shape = SubResource("BoxShape3D_d3m3c")

[node name="Basket11" type="CollisionShape3D" parent="Walls" index="16"]
transform = Transform3D(-0.644204, 0, 0.764854, 0, 1, 0, -0.764854, 0, -0.644204, 1.14375, 0, -0.501456)
shape = SubResource("BoxShape3D_d3m3c")

[node name="Basket12" type="CollisionShape3D" parent="Walls" index="17"]
transform = Transform3D(-0.694822, 0, 0.719182, 0, 1, 0, -0.719182, 0, -0.694822, 1.05823, 0, -0.617477)
shape = SubResource("BoxShape3D_d3m3c")

[node name="Headspot" type="Node3D" parent="." index="26"]
transform = Transform3D(1, 0, 0, 0, 1, 0, 0, 0, 1, -0.535, 0, 0)
